# oST version 5.0 parameters


[image]

width
964

height
724

[narrow_stereo]

camera matrix
485.070038 0.000000 457.193914
0.000000 485.421504 365.293827
0.000000 0.000000 1.000000

distortion
-0.200465 0.069475 0.003302 0.000217 0.000000

rectification
1.000000 0.000000 0.000000
0.000000 1.000000 0.000000
0.000000 0.000000 1.000000

projection
427.078461 0.000000 461.243076 0.000000
0.000000 433.646820 369.922391 0.000000
0.000000 0.000000 1.000000 0.000000

